image_width: 324
image_height: 244
camera_name: cf1
camera_matrix:
  rows: 3
  cols: 3
  data: [181.352267, 0.000000, 166.295099, 0.000000, 181.834321, 154.190858, 0.000000, 0.000000, 1.000000]
distortion_model: plumb_bob
distortion_coefficients:
  rows: 1
  cols: 5
  data: [-0.091215, 0.002100, -0.000001, 0.000758, 0.000000]
rectification_matrix:
  rows: 3
  cols: 3
  data: [1.000000, 0.000000, 0.000000, 0.000000, 1.000000, 0.000000, 0.000000, 0.000000, 1.000000]
projection_matrix:
  rows: 3
  cols: 4
  data: [165.318115, 0.000000, 167.210366, 0.000000, 0.000000, 170.799683, 156.630211, 0.000000, 0.000000, 0.000000, 1.000000, 0.000000]
